#Layer_Color=16740166
#
#Feature symbol names
#
$0 r3.937

#
#Feature attribute names
#

#
#Layer features
#
L 0.0196861 0.5088581 0.0196861 0.5305101 0 P 0
L 0.0196861 0.5088581 0.0629921 0.5088581 0 P 0
L 0.0196861 0.5305101 0.0629921 0.5305101 0 P 0
L 0.0196861 0.5442901 0.0196861 0.5659441 0 P 0
L 0.0196861 0.5442901 0.0629921 0.5442901 0 P 0
L 0.0196861 0.5659441 0.0629921 0.5659441 0 P 0
L 0.0501958 0.2647647 0.0501958 0.2864167 0 P 0
L 0.0501958 0.2647647 0.0915358 0.2647647 0 P 0
L 0.0501958 0.2864167 0.0915358 0.2864167 0 P 0
L 0.0629921 0.5088581 0.0629921 0.5305101 0 P 0
L 0.0629921 0.5442901 0.0629921 0.5659441 0 P 0
L 0.0807092 0.0393699 0.0807092 0.0629919 0 P 0
L 0.0807092 0.0393699 0.1240152 0.0393699 0 P 0
L 0.0807092 0.0629919 0.1240152 0.0629919 0 P 0
L 0.0915358 0.2647647 0.0915358 0.2864167 0 P 0
L 0.0938985 0.0978341 0.0938985 0.2171261 0 P 0
L 0.0938985 0.0978341 0.2131885 0.0978341 0 P 0
L 0.0938985 0.2171261 0.2131885 0.2171261 0 P 0
L 0.1240152 0.0393699 0.1240152 0.0629919 0 P 0
L 0.1377954 0.0137792 0.1377954 0.0570872 0 P 0
L 0.1377954 0.0137792 0.1614174 0.0137792 0 P 0
L 0.1377954 0.0570872 0.1614174 0.0570872 0 P 0
L 0.1397635 0.5157482 0.1397635 0.5393702 0 P 0
L 0.1397635 0.5157482 0.1830715 0.5157482 0 P 0
L 0.1397635 0.5393702 0.1830715 0.5393702 0 P 0
L 0.1446848 0.2647647 0.1446848 0.2864167 0 P 0
L 0.1446848 0.2647647 0.1860228 0.2647647 0 P 0
L 0.1446848 0.2864167 0.1860228 0.2864167 0 P 0
L 0.1614174 0.0137792 0.1614174 0.0570872 0 P 0
L 0.1830715 0.5157482 0.1830715 0.5393702 0 P 0
L 0.1860228 0.2647647 0.1860228 0.2864167 0 P 0
L 0.2027565 0.4685031 0.2027565 0.5472451 0 P 0
L 0.2027565 0.4685031 0.3011805 0.4685031 0 P 0
L 0.2027565 0.5472451 0.3011805 0.5472451 0 P 0
L 0.2131885 0.0978341 0.2131885 0.2171261 0 P 0
L 0.2559064 0.1476371 0.2559064 0.1909451 0 P 0
L 0.2559064 0.1476371 0.2795284 0.1476371 0 P 0
L 0.2559064 0.1909451 0.2795284 0.1909451 0 P 0
L 0.2795284 0.1476371 0.2795284 0.1909451 0 P 0
L 0.2923228 0.1476378 0.2923228 0.1909449 0 P 0
L 0.2923228 0.1476378 0.3139763 0.1476378 0 P 0
L 0.2923228 0.1909449 0.3139763 0.1909449 0 P 0
L 0.2972445 0.4133861 0.2972445 0.4370081 0 P 0
L 0.2972445 0.4133861 0.3405505 0.4133861 0 P 0
L 0.2972445 0.4370081 0.3405505 0.4370081 0 P 0
L 0.3011805 0.4685031 0.3011805 0.5472451 0 P 0
L 0.3139763 0.1476378 0.3139763 0.1909449 0 P 0
L 0.3188975 0.4645621 0.3188975 0.5433021 0 P 0
L 0.3188975 0.4645621 0.3976375 0.4645621 0 P 0
L 0.3188975 0.5433021 0.3976375 0.5433021 0 P 0
L 0.3405505 0.4133861 0.3405505 0.4370081 0 P 0
L 0.3602365 0.4133861 0.3602365 0.4370081 0 P 0
L 0.3602365 0.4133861 0.4035425 0.4133861 0 P 0
L 0.3602365 0.4370081 0.4035425 0.4370081 0 P 0
L 0.3976375 0.4645621 0.3976375 0.5433021 0 P 0
L 0.4035425 0.4133861 0.4035425 0.4370081 0 P 0
